100
4 2
5 2
6 2
1000 1000
1000 1
999 471
999 488
511 435
500 223
999 127
488 378
999 256
745 665
999 511
1000 489
500 247
994 774
283 275
638 566
358 356
1000 500
780 587
500 499
999 498
999 487
594 552
917 730
1000 512
999 128
500 127
500 250
999 255
956 777
1000 256
664 502
633 531
653 644
1000 488
1000 127
500 500
500 249
291 247
810 617
1000 255
937 809
3 1
500 256
301 275
500 117
500 255
2 1
999 2
501 395
322 273
1000 498
500 2
5 1
440 422
999 1
4 1
794 791
1 1
1000 499
993 953
1000 2
501 434
702 578
999 998
500 128
259 203
713 609
542 507
1000 430
742 646
500 248
2 2
880 831
999 999
272 251
752 588
406 305
1000 511
500 71
852 762
500 244
500 245
874 774
562 540
3 2
1000 999
999 512
500 1
867 866
1000 128
479 418
343 327
999 499
500 116
444 387
999 497
